0000058423160520150608021282282400
0000058433160520150609013111400297
0000058443160520150609019023694484
0000058453160520150609012797174064
0000058463160520150622207677906390
0000058473160520150622207677906390
0000058483160520150622013216985295
0000058493160520150624013231101564
0000058503160520150627013111400297
0000058513160520150629012869848295
0000058523160520151040013111400297
0000058533160520151204012797174064
0000058543160520151204019023694484
0000058553160520151205207677906390
0000058563160520151207013216985295
0000058573160520151209209097097993
0000058583160520151212013111400297
0000058593160520151212021282282400
0000058603160520151213013231101564
0000058613160520151213012869848295
0000058623180520150556207677906390
0000058633180520150556012724723297
0000058643180520150603021282282400
0000058653180520150609013224160542
0000058663180520150613013111400297
0000058673180520150630016019756859
0000058683180520150634020197737468
0000058693180520150714020032694347
0000058703180520150724016612471957
0000058713180520150736013038378290
0000058723180520150758012869848295
0000058733180520150812013199132609
0000058743180520150831013231101564
0000058753180520150850013148546295
0000058763180520151059013216985295
0000058773180520151108012648328299
0000058783180520151111013096809584
0000058793180520151114013111400297
0000058803180520151114209097097993
0000058813180520151120019023694484
0000058823180520151120012797174064
0000058833180520151121020451720584
0000058843180520151122020342159091
0000058853180520151133013248588291
0000058863180520151140013124309293
0000058873180520151150012724723297
0000058883180520151150207677906390
0000058893180520151151013148546295
0000058903180520151151020197737468
0000058913180520151151021282282400
0000058923180520151151021282282400
0000058933180520151151021282282400
0000058943180520151152020032694347
0000058953180520151152016019756859
0000058963180520151153013224160542
0000058973180520151210013038378290
0000058983180520151210013199132609
0000058993180520151230016612471957
0000059003180520151234019023694484
0000059013180520151235013231101564
0000059023180520151235012869848295
0000059033180520151250012724723297
0000059043180520151250013148546295
0000059053180520151250020032694347
0000059063180520151250020197737468
0000059073180520151250013224160542
0000059083180520151251207677906390
0000059093180520151254016019756859
0000059103180520151257016612471957
0000059113180520151258013111400297
0000059123180520151258013248588291
0000059133180520151259013096809584
0000059143180520151259020451720584
0000059153180520151259013216985295
0000059163180520151300020342159091
0000059173180520151300012797174064
0000059183180520151301013124309293
0000059193180520151302012648328299
0000059203180520151303209097097993
0000059213180520151309013199132609
0000059223180520151310013038378290
0000059233180520151335012869848295
0000059243180520151335013231101564
0000059253180520151337019023694484
0000059263180520151356013096809584
0000059273180520151358013216985295
0000059283180520151359013111400297
0000059293180520151400020451720584
0000059303180520151401012648328299
0000059313180520151401020342159091
0000059323180520151401013248588291
0000059333180520151402012797174064
0000059343180520151404013124309293
0000059353180520151421209097097993
0000059363180520151517207677906390
0000059373180520151517020032694347
0000059383180520151517012724723297
0000059393180520151517020197737468
0000059403180520151517013148546295
0000059413180520151517013224160542
0000059423180520151525021282282400
0000059433180520151525016019756859
0000059443180520151530016612471957
0000059453180520151531013111400297
0000059463180520151545013111400297
0000059473180520151545020451720584
0000059483180520151545012648328299
0000059493180520151548013096809584
0000059503180520151549209097097993
0000059513180520151558013111400297
0000059523180520151559013096809584
0000059533180520151600020451720584
0000059543180520151603012648328299
0000059553180520151731013038378290
0000059563180520151804012869848295
0000059573180520151804013231101564
0000059583180520151827013199132609
0000059593180520152044012797174064
0000059603180520152044013111400297
0000059613180520152044019023694484
0000059623180520152044012648328299
0000059633180520152044013124309293
0000059643180520152044020451720584
0000059653180520152044020342159091
0000059663180520152045013216985295
0000059673180520152045013248588291
0000059683180520152045013096809584
0000059693180520152157209097097993
0000059703190520150600021282282400
0000059713190520150600207677906390
0000059723190520150600013180531540
0000059733190520150600020032694347
0000059743190520150600012724723297
0000059753190520150601016019756859
0000059763190520150602013148546295
0000059773190520150602020197737468
0000059783190520150612013111400297
0000059793190520150754012932244290
0000059803190520150757012869848295
0000059813190520150807013038378290
0000059823190520150807013258880297
0000059833190520150816013231101564
0000059843190520151111209097097993
0000059853190520151113013111400297
0000059863190520151120019023694484
0000059873190520151121012648328299
0000059883190520151124013096809584
0000059893190520151129020342159091
0000059903190520151131012797174064
0000059913190520151132013216985295
0000059923190520151138013248588291
0000059933190520151138013124309293
0000059943190520151153020197737468
0000059953190520151153013148546295
0000059963190520151153013180531540
0000059973190520151153020032694347
0000059983190520151153021282282400
0000059993190520151154012724723297
0000060003190520151156016019756859
0000060013190520151218013038378290
0000060023190520151218013258880297
0000060033190520151233013199132609
0000060043190520151245012932244290
0000060053190520151245012869848295
0000060063190520151245013231101564
0000060073190520151251020197737468
0000060083190520151251020032694347
0000060093190520151252013148546295
0000060103190520151252012724723297
0000060113190520151252021282282400
0000060123190520151257013111400297
0000060133190520151257013248588291
0000060143190520151257209097097993
0000060153190520151258019023694484
0000060163190520151258013180531540
0000060173190520151259016019756859
0000060183190520151300013216985295
0000060193190520151300020342159091
0000060203190520151301012648328299
0000060213190520151301013124309293
0000060223190520151301012797174064
0000060233190520151302013096809584
0000060243190520151306013258880297
0000060253190520151306013038378290
0000060263190520151313207677906390
0000060273190520151345012869848295
0000060283190520151345013231101564
0000060293190520151349012932244290
0000060303190520151359013111400297
0000060313190520151359013216985295
0000060323190520151359013096809584
0000060333190520151359013248588291
0000060343190520151359019023694484
0000060353190520151401012648328299
0000060363190520151402012797174064
0000060373190520151402020342159091
0000060383190520151402209097097993
0000060393190520151403013124309293
0000060403190520151409012648328299
0000060413190520151517013180531540
0000060423190520151517020032694347
0000060433190520151517012724723297
0000060443190520151518020197737468
0000060453190520151518013148546295
0000060463190520151520016019756859
0000060473190520151524021282282400
0000060483190520151838013199132609
0000060493190520151915013038378290
0000060503190520151915013258880297
0000060513190520152020012932244290
0000060523190520152028013231101564
0000060533190520152028012869848295
0000060543190520152035020342159091
0000060553190520152045013124309293
0000060563190520152045019023694484
0000060573190520152045209097097993
0000060583190520152046012797174064
0000060593190520152046013111400297
0000060603190520152046013216985295
0000060613190520152046013248588291
0000060623190520152050013096809584
0000060633200520150559013111400297
0000060643200520150600013148546295
0000060653200520150600012724723297
0000060663200520150600207677906390
0000060673200520150600020032694347
0000060683200520150611020197737468
0000060693200520150614016019756859
0000060703200520150629013180531540
0000060713200520150629013224160542
0000060723200520150638021282282400
0000060733200520150742012932244290
0000060743200520150747013038378290
0000060753200520150747013258880297
0000060763200520150748016612471957
0000060773200520150811013231101564
0000060783200520150824012869848295
0000060793200520150824013199132609
0000060805200520151010E013231101564LEONARDO DA SILVA RODRIGUES                         
0000060815200520151012I013231101564LEONARDO DA SILVA RODRIGUES                         
0000060823200520151014013180531540
0000060835200520151015A013231101564LEONARDO DA SILVA RODRIGUES                         
0000060843200520151040020451720584
0000060853200520151052019023694484
0000060863200520151103013111400297
0000060873200520151114013216985295
0000060883200520151116209097097993
0000060893200520151122020342159091
0000060903200520151122012648328299
0000060913200520151122012797174064
0000060923200520151127013096809584
0000060933200520151141013124309293
0000060943200520151146013248588291
0000060953200520151152013148546295
0000060963200520151152012724723297
0000060973200520151152013224160542
0000060983200520151152207677906390
0000060993200520151156016019756859
0000061003200520151156020032694347
0000061013200520151156020197737468
0000061023200520151203021282282400
0000061033200520151203016612471957
0000061043200520151204012932244290
0000061053200520151204012869848295
0000061063200520151204013231101564
0000061073200520151213013199132609
0000061083200520151213013038378290
0000061093200520151213013258880297
0000061103200520151225013111400297
0000061113200520151247207677906390
0000061123200520151252012724723297
0000061133200520151253013148546295
0000061143200520151255013224160542
0000061153200520151256016019756859
0000061163200520151256020032694347
0000061173200520151256020197737468
0000061183200520151259013111400297
0000061193200520151259019023694484
0000061203200520151300013248588291
0000061213200520151300020451720584
0000061223200520151300013124309293
0000061233200520151300209097097993
0000061243200520151301020342159091
0000061253200520151301012648328299
0000061263200520151303021282282400
0000061273200520151303013038378290
0000061283200520151303013258880297
0000061293200520151304013231101564
0000061303200520151304012932244290
0000061313200520151304016612471957
0000061323200520151304012869848295
0000061333200520151305013096809584
0000061343200520151307012797174064
0000061353200520151307013216985295
0000061363200520151312013199132609
0000061373200520151335013111400297
0000061383200520151358013111400297
0000061393200520151359020342159091
0000061403200520151400020451720584
0000061413200520151400209097097993
0000061423200520151400013248588291
0000061433200520151400019023694484
0000061443200520151401013124309293
0000061453200520151402013096809584
0000061463200520151403012648328299
0000061473200520151403012797174064
0000061485200520151407E016604577105RONIMARA DE FREITAS SHEREDA PESSOA                  
0000061495200520151407E013079998609MEIRIANE PEREIRA EVENCIO                            
0000061505200520151409I016604577105RONIMARA DE FREITAS SHEREDA PESSOA                  
0000061515200520151412I013079998609MEIRIANE PEREIRA EVENCIO                            
0000061525200520151413A016604577105RONIMARA DE FREITAS SHEREDA PESSOA                  
0000061533200520151414016604577105
0000061545200520151417A013079998609MEIRIANE PEREIRA EVENCIO                            
0000061555200520151421I013117281621RAMON OLIVEIRA LEAL                                 
0000061565200520151421A013117281621RAMON OLIVEIRA LEAL                                 
0000061573200520151421013117281621
0000061585200520151426I013297544294JUSSARA DA PENHA LEITE MARTINS                      
0000061595200520151426A013297544294JUSSARA DA PENHA LEITE MARTINS                      
0000061603200520151426013297544294
0000061613200520151500016019756859
0000061623200520151501207677906390
0000061633200520151515020032694347
0000061643200520151515020197737468
0000061653200520151515016604577105
0000061663200520151516012724723297
0000061673200520151516013148546295
0000061683200520151516013224160542
0000061693200520151527021282282400
0000061703200520151541013111400297
0000061713200520151542209097097993
0000061723200520151542012648328299
0000061733200520151543020451720584
0000061743200520151545013096809584
0000061753200520151555013111400297
0000061763200520151557020451720584
0000061773200520151557209097097993
0000061783200520151558013096809584
0000061793200520151559012648328299
0000061803200520151634013111400297
0000061813200520151707013038378290
0000061823200520151707013297544294
0000061833200520151730016612471957
0000061843200520151731012932244290
0000061853200520151740013231101564
0000061863200520151741012869848295
0000061873200520151828013199132609
0000061883200520151922013258880297
0000061893200520152044020451720584
0000061903200520152045013111400297
0000061913200520152045019023694484
0000061923200520152045012648328299
0000061933200520152045013248588291
0000061943200520152045012797174064
0000061953200520152045013124309293
0000061963200520152045020342159091
0000061973200520152045013117281621
0000061983200520152046013216985295
0000061993200520152046013096809584
0000062003200520152059209097097993
0000062013210520150557012724723297
0000062023210520150557020032694347
0000062033210520150600021282282400
0000062043210520150600207677906390
0000062053210520150600013148546295
0000062063210520150604016019756859
0000062073210520150614013111400297
0000062083210520150733020197737468
0000062093210520150756013258880297
0000062103210520150757013258880297
0000062113210520150757013038378290
0000062123210520150757012932244290
0000062133210520150757016612471957
0000062143210520150802012869848295
0000062153210520150811013231101564
0000062163210520150822013199132609
0000062173210520150951013297544294
0000062183210520151111013096809584
0000062193210520151115013111400297
0000062203210520151117209097097993
0000062213210520151120012648328299
0000062223210520151122013117281621
0000062233210520151128020197737468
0000062243210520151128207677906390
0000062253210520151128020032694347
0000062263210520151128019023694484
0000062273210520151129013248588291
0000062283210520151130020451720584
0000062293210520151130012797174064
0000062303210520151130020342159091
0000062313210520151134013216985295
0000062323210520151147013148546295
0000062333210520151147012724723297
0000062343210520151206016612471957
0000062353210520151207012932244290
0000062363210520151208012869848295
0000062373210520151208013231101564
0000062383210520151229013297544294
0000062393210520151229013258880297
0000062403210520151230013038378290
0000062413210520151230013199132609
0000062423210520151240207677906390
0000062433210520151244020032694347
0000062443210520151244020197737468
0000062453210520151247012724723297
0000062463210520151247013148546295
0000062473210520151300013111400297
0000062483210520151300019023694484
0000062493210520151300209097097993
0000062503210520151300020451720584
0000062513210520151300012648328299
0000062523210520151300020342159091
0000062533210520151301013117281621
0000062543210520151301013096809584
0000062553210520151302013248588291
0000062563210520151302013216985295
0000062573210520151302012797174064
0000062583210520151302013258880297
0000062593210520151304013231101564
0000062603210520151304016612471957
0000062613210520151308012869848295
0000062623210520151308012932244290
0000062633210520151318013038378290
0000062643210520151323021282282400
0000062653210520151323016019756859
0000062663210520151323013111400297
0000062673210520151323013199132609
0000062683210520151323013297544294
0000062693210520151358012648328299
0000062703210520151359013124309293
0000062713210520151400019023694484
0000062723210520151400013111400297
0000062733210520151400209097097993
0000062743210520151400020451720584
0000062753210520151400020342159091
0000062763210520151400013216985295
0000062773210520151400013248588291
0000062783210520151401013096809584
0000062793210520151401013117281621
0000062803210520151403012797174064
0000062813210520151410016019756859
0000062823210520151414021282282400
0000062833210520151422013111400297
0000062843210520151516012724723297
0000062853210520151517013148546295
0000062863210520151518020032694347
0000062873210520151536013111400297
0000062883210520151542020197737468
0000062893210520151542016019756859
0000062903210520151543013111400297
0000062913210520151543012648328299
0000062923210520151544207677906390
0000062933210520151546013096809584
0000062943210520151548021282282400
0000062953210520151555013111400297
0000062963210520151558012648328299
0000062973210520151600013096809584
0000062983210520151708013297544294
0000062993210520151718013258880297
0000063003210520151718013038378290
0000063013210520151730012932244290
0000063023210520151731016612471957
0000063033210520151752012869848295
0000063043210520151752013231101564
0000063053210520151802013199132609
0000063063210520152045012797174064
0000063073210520152045013248588291
0000063083210520152045013216985295
0000063093210520152045013111400297
0000063103210520152045019023694484
0000063113210520152046013124309293
0000063123210520152046013117281621
0000063133210520152047020451720584
0000063143210520152049020342159091
0000063153210520152049012648328299
0000063163210520152051013096809584
0000063173210520152059209097097993
0000063183220520150602012724723297
0000063193220520150602207677906390
0000063203220520150602020032694347
0000063213220520150603013148546295
0000063223220520150603020197737468
0000063233220520150603013224160542
0000063243220520150603016604577105
0000063253220520150606016019756859
0000063263220520150612013111400297
0000063273220520150715013038378290
0000063283220520150715013258880297
0000063293220520150734016612471957
0000063303220520150750013231101564
0000063313220520150756012932244290
0000063323220520150809012869848295
0000063333220520150904013199132609
0000063343220520151011013297544294
0000063353220520151115013111400297
0000063363220520151115013096809584
0000063373220520151116012648328299
0000063383220520151127013216985295
0000063393220520151128020451720584
0000063403220520151129019023694484
0000063413220520151131020342159091
0000063423220520151131013117281621
0000063433220520151136012797174064
0000063443220520151137209097097993
0000063453220520151150013248588291
0000063463220520151150013124309293
0000063473220520151151012724723297
0000063483220520151151013224160542
0000063493220520151151207677906390
0000063503220520151151016604577105
0000063513220520151152020032694347
0000063523220520151152020197737468
0000063533220520151154016019756859
0000063543220520151201016612471957
0000063553220520151206013199132609
0000063563220520151206013297544294
0000063573220520151206013038378290
0000063583220520151206013258880297
0000063593220520151210012932244290
0000063603220520151225013148546295
0000063613220520151226013231101564
0000063623220520151226012869848295
0000063633220520151239013111400297
0000063643220520151249013258880297
0000063653220520151250013038378290
0000063663220520151250012724723297
0000063673220520151251207677906390
0000063683220520151251016604577105
0000063693220520151252020032694347
0000063703220520151252020197737468
0000063713220520151254013224160542
0000063723220520151254016019756859
0000063733220520151256013199132609
0000063743220520151257013297544294
0000063753220520151259016612471957
0000063763220520151300013248588291
0000063773220520151300013111400297
0000063783220520151300019023694484
0000063793220520151300013124309293
0000063803220520151300013117281621
0000063813220520151300209097097993
0000063823220520151301020451720584
0000063833220520151302012648328299
0000063843220520151302020342159091
0000063853220520151305013096809584
0000063863220520151305012797174064
0000063873220520151305013216985295
0000063883220520151308012932244290
0000063893220520151326012869848295
0000063903220520151326013231101564
0000063913220520151326013148546295
0000063923220520151341013111400297
0000063933220520151400209097097993
0000063943220520151400020451720584
0000063953220520151400013248588291
0000063963220520151400013111400297
0000063973220520151400019023694484
0000063983220520151400013124309293
0000063993220520151400013117281621
0000064003220520151400020342159091
0000064013220520151403013216985295
0000064023220520151405013096809584
0000064033220520151405012648328299
0000064043220520151406012797174064
0000064053220520151501013224160542
0000064063220520151502012724723297
0000064073220520151502207677906390
0000064083220520151502016019756859
0000064093220520151503020197737468
0000064103220520151504016604577105
0000064113220520151505020032694347
0000064123220520151516013148546295
0000064133220520151532013111400297
0000064143220520151548012648328299
0000064153220520151549013111400297
0000064163220520151556013258880297
0000064173220520151556013038378290
0000064183220520151600012648328299
0000064193220520151601013111400297
0000064203220520151625013231101564
0000064213220520151706013297544294
0000064223220520151746016612471957
0000064233220520151807012932244290
0000064243220520151807012869848295
0000064253220520151824013199132609
0000064263220520152028013216985295
0000064273220520152028012797174064
0000064283220520152028013111400297
0000064293220520152028012648328299
0000064303220520152028013248588291
0000064313220520152029013117281621
0000064323220520152030020342159091
0000064333220520152030013124309293
0000064343220520152031013096809584
0000064353220520152032019023694484
0000064363220520152032020451720584
0000064373220520152048209097097993
0000064383250520150601021282282400
0000064393250520150601020032694347
0000064403250520150601012724723297
0000064413250520150601013224160542
0000064423250520150602016604577105
0000064433250520150608207677906390
0000064443250520150613016019756859
0000064453250520150613013111400297
0000064463250520150621013148546295
0000064473250520150623020197737468
0000064483250520150748013258880297
0000064493250520150748013038378290
0000064503250520150756013124309293
0000064513250520150757012932244290
0000064523250520150805012869848295
0000064533250520150818013199132609
0000064543250520150824013231101564
0000064553250520150959013297544294
0000064563250520151002016612471957
0000064573250520151113013096809584
0000064583250520151115013111400297
0000064593250520151123012648328299
0000064603250520151123020451720584
0000064613250520151124209097097993
0000064623250520151126013216985295
0000064633250520151129012797174064
0000064643250520151130020342159091
0000064653250520151132013117281621
0000064663250520151133013248588291
0000064673250520151133019023694484
0000064683250520151153013148546295
0000064693250520151154207677906390
0000064703250520151154012724723297
0000064713250520151154013224160542
0000064723250520151155020032694347
0000064733250520151155020197737468
0000064743250520151155021282282400
0000064753250520151156016019756859
0000064763250520151156016604577105
0000064773250520151207016612471957
0000064783250520151207012932244290
0000064793250520151207013124309293
0000064803250520151207012869848295
0000064813250520151207013231101564
0000064823250520151208013297544294
0000064833250520151208013038378290
0000064843250520151208013199132609
0000064853250520151209013258880297
0000064863250520151221013111400297
0000064873250520151250013258880297
0000064883250520151250013038378290
0000064893250520151251207677906390
0000064903250520151253013148546295
0000064913250520151253012724723297
0000064923250520151254020032694347
0000064933250520151254021282282400
0000064943250520151255016019756859
0000064953250520151255016604577105
0000064963250520151255013224160542
0000064973250520151257013096809584
0000064983250520151259020451720584
0000064993250520151300209097097993
0000065003250520151300013111400297
0000065013250520151300013117281621
0000065023250520151300019023694484
0000065033250520151300013199132609
0000065043250520151300013216985295
0000065053250520151300013248588291
0000065063250520151300012648328299
0000065073250520151301012797174064
0000065083250520151301020342159091
0000065093250520151305016612471957
0000065103250520151306013124309293
0000065113250520151307012932244290
0000065123250520151307013231101564
0000065133250520151307012869848295
0000065143250520151310013297544294
0000065153250520151320013111400297
0000065163250520151357013096809584
0000065173250520151359012797174064
0000065183250520151359012648328299
0000065193250520151400020342159091
0000065203250520151400013111400297
0000065213250520151400013216985295
0000065223250520151400019023694484
0000065233250520151400209097097993
0000065243250520151400013117281621
0000065253250520151401020451720584
0000065263250520151401013248588291
0000065273250520151517016019756859
0000065283250520151517021282282400
0000065293250520151517016604577105
0000065303250520151523012724723297
0000065313250520151523020032694347
0000065323250520151523207677906390
0000065333250520151538013224160542
0000065343250520151538013148546295
0000065353250520151547012648328299
0000065363250520151552013096809584
0000065373250520151601012648328299
0000065383250520151601013111400297
0000065393250520151608013096809584
0000065403250520151713013297544294
0000065413250520151729016612471957
0000065423250520151831013199132609
0000065433250520151905012932244290
0000065443250520151906013124309293
0000065453250520151909013231101564
0000065463250520151909013258880297
0000065473250520151909013038378290
0000065483250520151909012869848295
0000065493250520152045012797174064
0000065503250520152045013248588291
0000065513250520152045012648328299
0000065523250520152045019023694484
0000065533250520152046013111400297
0000065543250520152046020342159091
0000065553250520152046020451720584
0000065563250520152046013216985295
0000065573250520152046013117281621
0000065583250520152048013096809584
0000065593250520152118209097097993
0000065603260520150555020032694347
0000065613260520150556012724723297
0000065623260520150556207677906390
0000065633260520150559020197737468
0000065643260520150600013148546295
0000065653260520150601021282282400
0000065663260520150603016019756859
0000065673260520150615013111400297
0000065683260520150642013224160542
0000065693260520150717016612471957
0000065703260520150740013124309293
0000065713260520150740013038378290
0000065723260520150805013258880297
0000065733260520150811012869848295
0000065743260520150816013231101564
0000065753260520150829013199132609
0000065763260520150842012932244290
0000065773260520150959013297544294
0000065783260520151112013111400297
0000065793260520151116209097097993
0000065803260520151120020451720584
0000065813260520151123012648328299
0000065823260520151124019023694484
0000065835260520151126I020604029785MAURO SÉRGIO KESTER DE ANDRADE                      
0000065845260520151127A020604029785MAURO SÉRGIO KESTER DE ANDRADE                      
0000065853260520151127020604029785
0000065863260520151127013216985295
0000065873260520151129012797174064
0000065883260520151130020342159091
0000065893260520151133013248588291
0000065903260520151143013117281621
0000065913260520151152021282282400
0000065923260520151152020197737468
0000065933260520151153020032694347
0000065943260520151153013124309293
0000065953260520151157012724723297
0000065963260520151157016019756859
0000065973260520151157013148546295
0000065983260520151157207677906390
0000065993260520151157013224160542
0000066003260520151159012869848295
0000066013260520151159012932244290
0000066023260520151159013231101564
0000066033260520151208013096809584
0000066043260520151214013038378290
0000066053260520151214013297544294
0000066063260520151214013258880297
0000066073260520151214013199132609
0000066083260520151241013111400297
0000066093260520151242012724723297
0000066103260520151250013148546295
0000066113260520151252020032694347
0000066123260520151252020197737468
0000066133260520151253207677906390
0000066143260520151253021282282400
0000066153260520151253013224160542
0000066163260520151258013111400297
0000066173260520151300013248588291
0000066183260520151300019023694484
0000066193260520151300013117281621
0000066203260520151300209097097993
0000066213260520151300020604029785
0000066223260520151300020451720584
0000066233260520151300013216985295
0000066243260520151300013096809584
0000066253260520151300012797174064
0000066263260520151301012648328299
0000066273260520151301020342159091
0000066283260520151301013124309293
0000066293260520151301012932244290
0000066303260520151301012869848295
0000066313260520151302013231101564
0000066323260520151302016612471957
0000066333260520151310013258880297
0000066343260520151310013199132609
0000066353260520151310016019756859
0000066363260520151310013297544294
0000066373260520151324013038378290
0000066383260520151324013038378290
0000066393260520151340013111400297
0000066403260520151354013096809584
0000066413260520151356013111400297
0000066423260520151358013216985295
0000066433260520151400020342159091
0000066443260520151400019023694484
0000066453260520151400012797174064
0000066463260520151400020451720584
0000066473260520151400209097097993
0000066483260520151400020604029785
0000066493260520151400013117281621
0000066503260520151400013248588291
0000066513260520151401012648328299
0000066523260520151409016612471957
0000066533260520151417013231101564
0000066543260520151515020032694347
0000066553260520151515012724723297
0000066563260520151515016019756859
0000066573260520151515207677906390
0000066583260520151515020197737468
0000066593260520151527021282282400
0000066603260520151532013148546295
0000066613260520151537013111400297
0000066623260520151548013096809584
0000066633260520151548020604029785
0000066643260520151600020604029785
0000066653260520151600013096809584
0000066663260520151648013199132609
0000066673260520151707013297544294
0000066683260520151719012932244290
0000066693260520151739013124309293
0000066703260520151742013224160542
0000066713260520151824013038378290
0000066723260520151824013258880297
0000066733260520151854012869848295
0000066743260520152045020342159091
0000066753260520152045012648328299
0000066763260520152046012797174064
0000066773260520152046013096809584
0000066783260520152046020451720584
0000066793260520152046020604029785
0000066803260520152046019023694484
0000066813260520152047013111400297
0000066823260520152047013117281621
0000066833260520152047013216985295
0000066843260520152047013248588291
0000066853260520152148209097097993
0000066863270520150556207677906390
0000066873270520150556012724723297
0000066883270520150602020197737468
0000066893270520150603021282282400
0000066903270520150603013148546295
0000066913270520150607016019756859
0000066923270520150608013180531540
0000066933270520150614013111400297
0000066943270520150623020032694347
0000066953270520150735012932244290
0000066963270520150743013038378290
0000066973270520150743013258880297
0000066983270520150800013124309293
0000066993270520150807012869848295
0000067003270520150808013231101564
0000067013270520150951013297544294
0000067023270520151100013111400297
0000067033270520151115020604029785
0000067043270520151117209097097993
0000067053270520151121012797174064
0000067063270520151122012648328299
0000067073270520151122013117281621
0000067083270520151127019023694484
0000067093270520151129020342159091
0000067103270520151133013216985295
0000067113270520151134013248588291
0000067123270520151134020451720584
0000067133270520151152020197737468
0000067143270520151152020032694347
0000067153270520151152012724723297
0000067163270520151152016019756859
0000067173270520151152013180531540
0000067183270520151152207677906390
0000067193270520151152013148546295
0000067203270520151153021282282400
0000067213270520151205013124309293
0000067223270520151205012932244290
0000067233270520151206012869848295
0000067243270520151206013231101564
0000067253270520151211013297544294
0000067263270520151211013258880297
0000067273270520151211013038378290
0000067283270520151241013111400297
0000067293270520151250012724723297
0000067303270520151250207677906390
0000067313270520151251020197737468
0000067323270520151251013148546295
0000067333270520151252020032694347
0000067343270520151252016019756859
0000067353270520151252013180531540
0000067363270520151258013258880297
0000067373270520151300013111400297
0000067383270520151300019023694484
0000067393270520151300012648328299
0000067403270520151300020342159091
0000067413270520151300013248588291
0000067423270520151300020451720584
0000067433270520151300020604029785
0000067443270520151300013117281621
0000067453270520151301209097097993
0000067463270520151301012797174064
0000067473270520151301021282282400
0000067483270520151304013216985295
0000067493270520151306013231101564
0000067503270520151306012869848295
0000067513270520151306012932244290
0000067523270520151307013297544294
0000067533270520151307013038378290
0000067543270520151310013124309293
0000067553270520151348013111400297
0000067563270520151359012797174064
0000067573270520151400019023694484
0000067583270520151400013111400297
0000067593270520151400209097097993
0000067603270520151400013248588291
0000067613270520151400020451720584
0000067623270520151400013117281621
0000067633270520151401020604029785
0000067643270520151401012648328299
0000067653270520151410020342159091
0000067663270520151419013216985295
0000067673270520151525020197737468
0000067683270520151525020032694347
0000067693270520151525013180531540
0000067703270520151525207677906390
0000067713270520151525012724723297
0000067723270520151529021282282400
0000067733270520151530016019756859
0000067743270520151543013148546295
0000067753270520151546013111400297
0000067763270520151702020342159091
0000067773270520151704013297544294
0000067783270520151730012932244290
0000067793270520151730013124309293
0000067803270520151810013231101564
0000067813270520151810012869848295
0000067823270520151831013258880297
0000067833270520151831013038378290
0000067843270520151940020451720584
0000067853270520152045013248588291
0000067863270520152045019023694484
0000067873270520152045013111400297
0000067883270520152045012648328299
0000067893270520152045012797174064
0000067903270520152045020604029785
0000067913270520152049013117281621
0000067923270520152051013216985295
0000067933270520152133209097097993
0000067943280520150558012724723297
0000067953280520150559020032694347
0000067963280520150559207677906390
0000067973280520150559013180531540
0000067983280520150600013148546295
0000067993280520150600013224160542
0000068003280520150611020197737468
0000068013280520150614013111400297
0000068023280520150620021282282400
0000068033280520150740013038378290
0000068043280520150740013258880297
0000068053280520150744012932244290
0000068063280520150801013124309293
0000068073280520150809012869848295
0000068083280520150813013199132609
0000068093280520150819013231101564
0000068103280520150912016612471957
0000068113280520150952013297544294
0000068123280520151001020342159091
0000068133280520151017020451720584
0000068143280520151103013111400297
0000068153280520151104209097097993
0000068163280520151108012648328299
0000068173280520151109020604029785
0000068183280520151125019023694484
0000068193280520151129013216985295
0000068203280520151130012797174064
0000068213280520151134013248588291
0000068223280520151134013117281621
0000068233280520151153020032694347
0000068243280520151153020197737468
0000068253280520151154012724723297
0000068263280520151155013180531540
0000068273280520151155013148546295
0000068283280520151155013224160542
0000068293280520151155207677906390
0000068303280520151158013038378290
0000068313280520151158013297544294
0000068323280520151158013199132609
0000068333280520151158013258880297
0000068343280520151159021282282400
0000068353280520151205012869848295
0000068363280520151205020604029785
0000068373280520151205013231101564
0000068383280520151205012932244290
0000068393280520151205013124309293
0000068403280520151208013111400297
0000068413280520151226013258880297
0000068423280520151240013038378290
0000068433280520151240207677906390
0000068443280520151250021282282400
0000068453280520151250012724723297
0000068463280520151252013199132609
0000068473280520151252020032694347
0000068483280520151253020197737468
0000068493280520151253013148546295
0000068503280520151253013224160542
0000068513280520151259013180531540
0000068523280520151300013248588291
0000068533280520151300016612471957
0000068543280520151300013111400297
0000068553280520151300209097097993
0000068563280520151300020451720584
0000068573280520151300013117281621
0000068583280520151300019023694484
0000068593280520151303012648328299
0000068603280520151303020342159091
0000068613280520151304012797174064
0000068623280520151305013216985295
0000068633280520151306012869848295
0000068643280520151308013231101564
0000068653280520151308020604029785
0000068663280520151308012932244290
0000068673280520151309013124309293
0000068683280520151336013111400297
0000068693280520151400013111400297
0000068703280520151400209097097993
0000068713280520151400019023694484
0000068723280520151400013117281621
0000068733280520151400020342159091
0000068743280520151400020451720584
0000068753280520151401012648328299
0000068763280520151401012797174064
0000068773280520151401016612471957
0000068783280520151401013248588291
0000068793280520151402013216985295
0000068803280520151511207677906390
0000068813280520151511013180531540
0000068823280520151512013224160542
0000068833280520151512013148546295
0000068843280520151512020032694347
0000068853280520151512020197737468
0000068863280520151512012724723297
0000068873280520151515021282282400
0000068883280520151522016612471957
0000068893280520151534013111400297
0000068903280520151655012648328299
0000068913280520151707013297544294
0000068923280520151725012932244290
0000068933280520151727013124309293
0000068943280520151812012869848295
0000068953280520151813013231101564
0000068963280520151824013199132609
0000068973280520152009013038378290
0000068983280520152009013258880297
0000068993280520152030012797174064
0000069003280520152045013248588291
0000069013280520152046020342159091
0000069023280520152046013216985295
0000069033280520152046013111400297
0000069043280520152046019023694484
0000069053280520152046020451720584
0000069063280520152048020604029785
0000069073280520152049013117281621
0000069083280520152051209097097993
0000069093290520150600013148546295
0000069103290520150600207677906390
0000069113290520150600020197737468
0000069123290520150601020032694347
0000069133290520150608016019756859
0000069143290520150614013111400297
0000069153290520150621013180531540
0000069163290520150729013258880297
0000069173290520150729013038378290
0000069183290520150734019023694484
0000069193290520150734021282282400
0000069203290520150753013231101564
0000069213290520150756013124309293
0000069223290520150809013224160542
0000069233290520150812020604029785
0000069243290520150813012869848295
0000069253290520150851013199132609
0000069263290520150955013297544294
0000069273290520151000012932244290
0000069283290520151048020342159091
0000069293290520151048012648328299
0000069303290520151100013111400297
0000069313290520151115020451720584
0000069323290520151118209097097993
0000069333290520151122013117281621
0000069343290520151125013216985295
0000069353290520151126012797174064
0000069363290520151134013248588291
0000069373290520151153020032694347
0000069383290520151153013148546295
0000069393290520151153020197737468
0000069403290520151153013224160542
0000069413290520151154013180531540
0000069423290520151154207677906390
0000069433290520151154021282282400
0000069443290520151155016019756859
0000069453290520151156013297544294
0000069463290520151156013258880297
0000069473290520151156013199132609
0000069483290520151204019023694484
0000069493290520151204013124309293
0000069503290520151204012932244290
0000069513290520151217013231101564
0000069523290520151217012869848295
0000069533290520151217020604029785
0000069543290520151251021282282400
0000069553290520151253020032694347
0000069563290520151253013180531540
0000069573290520151253020197737468
0000069583290520151254013199132609
0000069593290520151254013297544294
0000069603290520151256013148546295
0000069613290520151257013258880297
0000069623290520151257207677906390
0000069633290520151258013111400297
0000069643290520151258013224160542
0000069653290520151300013111400297
0000069663290520151300020451720584
0000069673290520151300209097097993
0000069683290520151300013117281621
0000069693290520151300012648328299
0000069703290520151300020342159091
0000069713290520151301016019756859
0000069723290520151301013216985295
0000069733290520151301012797174064
0000069743290520151302013248588291
0000069753290520151305019023694484
0000069763290520151309012932244290
0000069773290520151311013124309293
0000069783290520151317012869848295
0000069793290520151317020604029785
0000069803290520151317013231101564
0000069813290520151355012648328299
0000069823290520151355013111400297
0000069833290520151359012797174064
0000069843290520151400020342159091
0000069853290520151400013117281621
0000069863290520151400020451720584
0000069873290520151400013111400297
0000069883290520151401013216985295
0000069893290520151403209097097993
0000069903290520151414013038378290
0000069913290520151502013224160542
0000069923290520151502207677906390
0000069933290520151502020197737468
0000069943290520151502016019756859
0000069953290520151502013148546295
0000069963290520151503020032694347
0000069973290520151503013180531540
0000069983290520151504021282282400
0000069993290520151554013111400297
0000070003290520151705013297544294
0000070013290520151705013258880297
0000070023290520151705019023694484
0000070033290520151743020604029785
0000070043290520151743012869848295
0000070053290520151743013231101564
0000070063010620150745013258880297
0000070073010620150746012932244290
0000070083010620150747013038378290
0000070093010620150748016612471957
0000070103010620150755012869848295
0000070113010620150803013124309293
0000070123010620150811013231101564
0000070133010620150824013199132609
0000070143010620150932013224160542
0000070153010620150953013297544294
0000070163010620151028020342159091
0000070173010620151113020604029785
0000070183010620151115013111400297
0000070193010620151115013096809584
0000070203010620151118209097097993
0000070213010620151121019023694484
0000070223010620151126020451720584
0000070233010620151128013248588291
0000070243010620151129013117281621
0000070253010620151129012797174064
0000070263010620151129013216985295
0000070273010620151148013297544294
0000070283010620151148013258880297
0000070293010620151149013038378290
0000070303010620151149013199132609
0000070313010620151202020032694347
0000070323010620151202013148546295
0000070333010620151202013180531540
0000070343010620151202020197737468
0000070353010620151202012724723297
0000070363010620151202012648328299
0000070373010620151202013224160542
0000070383010620151208016612471957
0000070393010620151208012869848295
0000070403010620151208013231101564
0000070413010620151209012932244290
0000070423010620151209013124309293
0000070433010620151222013038378290
0000070443010620151242013297544294
0000070453010620151245013199132609
0000070463010620151246013258880297
0000070473010620151248013111400297
0000070483010620151300013111400297
0000070493010620151300020451720584
0000070503010620151300019023694484
0000070513010620151301013224160542
0000070523010620151301016019756859
0000070533010620151301013180531540
0000070543010620151301013148546295
0000070553010620151301020032694347
0000070563010620151301012724723297
0000070573010620151301020604029785
0000070583010620151301012648328299
0000070593010620151301209097097993
0000070603010620151302013096809584
0000070613010620151302013117281621
0000070623010620151304013248588291
0000070633010620151304012797174064
0000070643010620151304013216985295
0000070653010620151305020342159091
0000070663010620151308013231101564
0000070673010620151308016612471957
0000070683010620151309012869848295
0000070693010620151310012932244290
0000070703010620151310013124309293
0000070713010620151346013111400297
0000070723010620151356016019756859
0000070733010620151359013096809584
0000070743010620151400013111400297
0000070753010620151400013216985295
0000070763010620151400012797174064
0000070773010620151401020342159091
0000070783010620151401019023694484
0000070793010620151401020604029785
0000070803010620151402013117281621
0000070813010620151402020451720584
0000070823010620151402013248588291
0000070833010620151416209097097993
0000070843010620151438013096809584
0000070853010620151515013224160542
0000070863010620151515013180531540
0000070873010620151515020032694347
0000070883010620151515012724723297
0000070893010620151515016019756859
0000070903010620151517012648328299
0000070913010620151525012869848295
0000070923010620151530013111400297
0000070933010620151535013258880297
0000070943010620151537013148546295
0000070953010620151714013297544294
0000070963010620151714013038378290
0000070973010620151715012932244290
0000070983010620151715016612471957
0000070993010620151716013231101564
0000071003010620151732013124309293
0000071013010620151828013199132609
0000071023010620152045013111400297
0000071033010620152045013248588291
0000071043010620152045013216985295
0000071053010620152045020604029785
0000071063010620152045013117281621
0000071073010620152045020451720584
0000071083010620152045012797174064
0000071093010620152045019023694484
0000071103010620152045020342159091
0000071113010620152046209097097993
0000071123020620150558021282282400
0000071133020620150559012724723297
0000071143020620150559020197737468
0000071153020620150559016604577105
0000071163020620150559013224160542
0000071173020620150602020032694347
0000071183020620150611207677906390
0000071193020620150615013111400297
0000071203020620150616016019756859
0000071213020620150621013180531540
0000071223020620150745013038378290
0000071233020620150745013258880297
0000071243020620150748012932244290
0000071253020620150752013148546295
0000071263020620150814016612471957
0000071273020620150814013231101564
0000071283020620150814013124309293
0000071293020620150824013199132609
0000071303020620150845012869848295
0000071313020620151000013297544294
0000071323020620151013012648328299
0000071333020620151052020342159091
0000071343020620151117020604029785
0000071353020620151122019023694484
0000071363020620151122013216985295
0000071373020620151122013117281621
0000071383020620151126209097097993
0000071393020620151127012797174064
0000071403020620151128020451720584
0000071413020620151128013111400297
0000071423020620151133013248588291
0000071433020620151149013148546295
0000071443020620151149013224160542
0000071453020620151150012724723297
0000071463020620151150020032694347
0000071473020620151150020197737468
0000071483020620151151013180531540
0000071493020620151151207677906390
0000071503020620151152013297544294
0000071513020620151152013258880297
0000071523020620151152013038378290
0000071533020620151152013199132609
0000071543020620151152021282282400
0000071553020620151155016604577105
0000071563020620151156016019756859
0000071573020620151202016612471957
0000071583020620151203013124309293
0000071593020620151219012932244290
0000071603020620151219012869848295
0000071613020620151220013231101564
0000071623020620151220013038378290
0000071633020620151221013258880297
0000071643020620151249013148546295
0000071653020620151249013180531540
0000071663020620151250012724723297
0000071673020620151250207677906390
0000071683020620151250013224160542
0000071693020620151250020032694347
0000071703020620151250020197737468
0000071713020620151253013199132609
0000071723020620151253013297544294
0000071733020620151253021282282400
0000071743020620151256016604577105
0000071753020620151258016019756859
0000071763020620151300013111400297
0000071773020620151300020451720584
0000071783020620151300013248588291
0000071793020620151300013117281621
0000071803020620151300020604029785
0000071813020620151300020342159091
0000071823020620151300019023694484
0000071833020620151301012648328299
0000071843020620151301012797174064
0000071853020620151301013216985295
0000071863020620151302209097097993
0000071873020620151302016612471957
0000071883020620151308013111400297
0000071893020620151312013124309293
0000071903020620151320013231101564
0000071913020620151320012869848295
0000071923020620151320012932244290
0000071933020620151400013111400297
0000071943020620151400019023694484
0000071953020620151400020451720584
0000071963020620151401013248588291
0000071973020620151401020604029785
0000071983020620151401013117281621
0000071993020620151401020342159091
0000072003020620151401012648328299
0000072013020620151402013216985295
0000072023020620151403013111400297
0000072033020620151403012797174064
0000072043020620151436016019756859
0000072053020620151515012724723297
0000072063020620151515207677906390
0000072073020620151515016604577105
0000072083020620151515013180531540
0000072093020620151515013224160542
0000072103020620151515020197737468
0000072113020620151515020032694347
0000072123020620151515013148546295
0000072133020620151532013111400297
0000072143020620151533021282282400
0000072153020620151711013297544294
0000072163020620151735013124309293
0000072173020620151736016612471957
0000072183020620151736012932244290
0000072193020620151802013231101564
0000072203020620151806012869848295
0000072213020620151838013199132609
0000072223020620151941013258880297
0000072233020620151941013038378290
0000072243020620152045013248588291
0000072253020620152045013111400297
0000072263020620152045012648328299
0000072273020620152045020604029785
0000072283020620152045019023694484
0000072293020620152045020342159091
0000072303020620152045013216985295
0000072313020620152045012797174064
0000072323020620152046020451720584
0000072333020620152046013117281621
0000072343020620152103209097097993
0000072353030620150637207677906390
0000072363030620150637013180531540
0000072373030620150637012724723297
0000072383030620150637016604577105
0000072393030620150637016019756859
0000072403030620150637013148546295
0000072413030620150638020032694347
0000072423030620150638020197737468
0000072433030620150638013111400297
0000072443030620150658021282282400
0000072453030620150745016612471957
0000072463030620150747013258880297
0000072473030620150747013038378290
0000072483030620150751012932244290
0000072493030620150759013124309293
0000072503030620150817012869848295
0000072513030620150821013231101564
0000072523030620150824013199132609
0000072533030620150953013297544294
0000072543030620151033012648328299
0000072553030620151115020604029785
0000072563030620151122013216985295
0000072573030620151127019023694484
0000072583030620151127020451720584
0000072593030620151128013117281621
0000072603030620151128209097097993
0000072613030620151129013111400297
0000072623030620151129012797174064
0000072633030620151129020342159091
0000072643030620151144013248588291
0000072653030620151148013297544294
0000072663030620151149013038378290
0000072673030620151149013199132609
0000072683030620151149013258880297
0000072693030620151149016019756859
0000072703030620151150013148546295
0000072713030620151150020032694347
0000072723030620151150012724723297
0000072733030620151150207677906390
0000072743030620151150020197737468
0000072753030620151150013180531540
0000072763030620151150016604577105
0000072773030620151150021282282400
0000072783030620151205013124309293
0000072793030620151205012932244290
0000072803030620151215012869848295
0000072813030620151216013231101564
0000072823030620151225013038378290
0000072833030620151243013258880297
0000072843030620151244013297544294
0000072853030620151245013148546295
0000072863030620151247207677906390
0000072873030620151249013199132609
0000072883030620151250020032694347
0000072893030620151250013180531540
0000072903030620151250012724723297
0000072913030620151251020197737468
0000072923030620151252021282282400
0000072933030620151252016604577105
0000072943030620151252016019756859
0000072953030620151259020342159091
0000072963030620151259013111400297
0000072973030620151259012648328299
0000072983030620151259013248588291
0000072993030620151259020451720584
0000073003030620151259013117281621
0000073013030620151300019023694484
0000073023030620151300209097097993
0000073033030620151300020604029785
0000073043030620151300013216985295
0000073053030620151300012797174064
0000073063030620151305012932244290
0000073073030620151306013124309293
0000073083030620151316013231101564
0000073093030620151316012869848295
0000073103030620151333013111400297
0000073113030620151356013248588291
0000073123030620151357013111400297
0000073133030620151358013117281621
0000073143030620151400020451720584
0000073153030620151400020604029785
0000073163030620151400019023694484
0000073173030620151400209097097993
0000073183030620151401020342159091
0000073193030620151402012648328299
0000073203030620151405013216985295
0000073213030620151408012797174064
0000073223030620151431013111400297
0000073233030620151510013148546295
0000073243030620151510012724723297
0000073253030620151511020197737468
0000073263030620151511207677906390
0000073273030620151511020032694347
0000073283030620151511013180531540
0000073293030620151511016604577105
0000073303030620151514013297544294
0000073313030620151531016019756859
0000073323030620151531021282282400
0000073333030620151543013111400297
0000073343030620151559013248588291
0000073353030620151720012932244290
0000073363030620151721013124309293
0000073373030620151745012869848295
0000073383030620151745013231101564
0000073393030620151840013258880297
0000073403030620151840013038378290
0000073413030620151840013199132609
0000073423030620152045012648328299
0000073433030620152045012797174064
0000073443030620152046013216985295
0000073453030620152046013111400297
0000073463030620152046020342159091
0000073473030620152046019023694484
0000073483030620152046020451720584
0000073493030620152048013117281621
0000073503030620152048020604029785
0000073513030620152116209097097993
0000073523050620150601207677906390
0000073533050620150602013148546295
0000073543050620150602012724723297
0000073553050620150602016604577105
0000073563050620150611013111400297
0000073573050620150621016019756859
0000073583050620150652013180531540
0000073593050620150721016612471957
0000073603050620150815013231101564
0000073613050620150815012869848295
0000073623050620150815021282282400
0000073633050620150906013199132609
0000073643050620150939020197737468
0000073653050620150939020032694347
0000073663050620151001013297544294
0000073673050620151127020604029785
0000073683050620151127019023694484
0000073693050620151128013111400297
0000073703050620151131012797174064
0000073713050620151131012648328299
0000073723050620151131020342159091
0000073733050620151138013216985295
0000073743050620151143013117281621
0000073753050620151143209097097993
0000073763050620151151016604577105
0000073773050620151151012724723297
0000073783050620151151020032694347
0000073793050620151151207677906390
0000073803050620151151013180531540
0000073813050620151151020197737468
0000073823050620151151013148546295
0000073833050620151153016019756859
0000073843050620151157020451720584
0000073853050620151158021282282400
0000073863050620151158012869848295
0000073873050620151158016612471957
0000073883050620151158013231101564
0000073893050620151208013297544294
0000073903050620151208013199132609
0000073913050620151244207677906390
0000073923050620151250016604577105
0000073933050620151253012724723297
0000073943050620151256020032694347
0000073953050620151256021282282400
0000073963050620151256020197737468
0000073973050620151256013148546295
0000073983050620151256016612471957
0000073993050620151258013231101564
0000074003050620151258012869848295
0000074013050620151300013111400297
0000074023050620151300012648328299
0000074033050620151300019023694484
0000074043050620151300020451720584
0000074053050620151300020604029785
0000074063050620151300013117281621
0000074073050620151300020342159091
0000074083050620151301209097097993
0000074093050620151302013180531540
0000074103050620151304013199132609
0000074113050620151304013297544294
0000074123050620151306013216985295
0000074133050620151306012797174064
0000074143050620151312016019756859
0000074153050620151321013248588291
0000074163050620151324013248588291
0000074173050620151341013111400297
0000074183050620151359013111400297
0000074193050620151400013117281621
0000074203050620151400020451720584
0000074213050620151400209097097993
0000074223050620151400020604029785
0000074233050620151400020342159091
0000074243050620151401012648328299
0000074253050620151402019023694484
0000074263050620151404012797174064
0000074273050620151407013216985295
0000074283050620151413013248588291
0000074293050620151440013111400297
0000074303050620151509016604577105
0000074313050620151509012724723297
0000074323050620151509013180531540
0000074333050620151509016612471957
0000074343050620151509020197737468
0000074353050620151509013148546295
0000074363050620151509020032694347
0000074373050620151509207677906390
0000074383050620151511021282282400
0000074393050620151511016019756859
0000074403050620151530013111400297
0000074413050620151700013297544294
0000074423050620151701013199132609
0000074433050620151718013231101564
0000074443050620151810012869848295
0000074453050620152029013216985295
0000074463050620152029013248588291
0000074473050620152030012648328299
0000074483050620152030020342159091
0000074493050620152030012797174064
0000074503050620152032013111400297
0000074513050620152032020604029785
0000074523050620152033020451720584
0000074533050620152033019023694484
0000074543050620152035013117281621
0000074553050620152042209097097993
0000074563080620150601207677906390
0000074573080620150601012724723297
0000074583080620150601013180531540
0000074593080620150603013148546295
0000074603080620150605013224160542
0000074613080620150605016604577105
0000074623080620150607016019756859
0000074633080620150615013111400297
0000074643080620150642020032694347
0000074653080620150722020197737468
0000074663080620150750021282282400
0000074673080620150750012869848295
0000074683080620150750012932244290
0000074693080620150813013231101564
0000074703080620150816016612471957
0000074713080620150816013124309293
0000074723080620150824013258880297
0000074733080620150826013199132609
0000074743080620151004013297544294
0000074753080620151012013038378290
0000074763080620151113012648328299
0000074773080620151123020604029785
0000074783080620151123019023694484
0000074793080620151129013111400297
0000074803080620151130020342159091
0000074813080620151130209097097993
0000074823080620151133013117281621
0000074833080620151144013148546295
0000074843080620151149013224160542
0000074853080620151150016019756859
0000074863080620151150016604577105
0000074873080620151150012724723297
0000074883080620151150013180531540
0000074893080620151150207677906390
0000074903080620151150020197737468
0000074913080620151150020032694347
0000074923080620151151021282282400
0000074933080620151152013297544294
0000074943080620151152013258880297
0000074953080620151152013038378290
0000074963080620151152013199132609
0000074973080620151156016612471957
0000074983080620151156013124309293
0000074993080620151158012932244290
0000075003080620151158012869848295
0000075013080620151158013231101564
0000075023080620151205012797174064
0000075033080620151230013248588291
0000075043080620151239013216985295
0000075053080620151242013258880297
0000075063080620151251013199132609
0000075073080620151251207677906390
0000075083080620151251021282282400
0000075093080620151251013297544294
0000075103080620151252013038378290
0000075113080620151252020032694347
0000075123080620151252012724723297
0000075133080620151252020197737468
0000075143080620151252013180531540
0000075153080620151252016604577105
0000075163080620151255016019756859
0000075173080620151255016612471957
0000075183080620151256012932244290
0000075193080620151256013124309293
0000075203080620151257013111400297
0000075213080620151258013231101564
0000075223080620151258012869848295
0000075233080620151259013248588291
0000075243080620151300013111400297
0000075253080620151300019023694484
0000075263080620151300013117281621
0000075273080620151301209097097993
0000075283080620151301020604029785
0000075293080620151302013224160542
0000075303080620151305012648328299
0000075313080620151305020342159091
0000075323080620151306013216985295
0000075333080620151306012797174064
0000075343080620151356013111400297
0000075353080620151400013111400297
0000075363080620151400020604029785
0000075373080620151400013117281621
0000075383080620151400019023694484
0000075393080620151401012648328299
0000075403080620151402013216985295
0000075413080620151402020342159091
0000075423080620151402013248588291
0000075433080620151403012797174064
0000075443080620151459207677906390
0000075453080620151500016019756859
0000075463080620151514013180531540
0000075473080620151514016604577105
0000075483080620151515013224160542
0000075493080620151515020032694347
0000075503080620151515020197737468
0000075513080620151515012724723297
0000075523080620151518013111400297
0000075533080620151611013216985295
0000075543080620151646013297544294
0000075553080620151729013124309293
0000075563080620151729012932244290
0000075573080620151729016612471957
0000075583080620151733021282282400
0000075593080620151753013231101564
0000075603080620151753012869848295
0000075613080620151821013038378290
0000075623080620151821013199132609
0000075633080620151821013258880297
0000075643080620152044013248588291
0000075653080620152044013111400297
0000075663080620152045019023694484
0000075673080620152045012648328299
0000075683080620152045020342159091
0000075693080620152045012797174064
0000075703080620152045209097097993
0000075713080620152045020604029785
0000075723080620152045013117281621
0000075733090620150601207677906390
0000075743090620150601012724723297
0000075753090620150601013224160542
0000075763090620150602013148546295
0000075773090620150612013111400297
0000075783090620150613020032694347
0000075793090620150620016019756859
0000075803090620150623013180531540
0000075813090620150708020197737468
0000075823090620150738012932244290
0000075833090620150745013258880297
0000075843090620150746013038378290
0000075853090620150752021282282400
0000075863090620150758016612471957
0000075873090620150809013124309293
0000075883090620150809012869848295
0000075893090620150809013231101564
0000075903090620150824013199132609
0000075913090620150958013297544294
0000075923090620151116013216985295
0000075933090620151122013117281621
0000075943090620151122012648328299
0000075953090620151124020451720584
0000075963090620151127019023694484
0000075973090620151128209097097993
0000075983090620151129013111400297
0000075993090620151132020342159091
0000076003090620151134013199132609
0000076013090620151134013248588291
0000076023090620151134013297544294
0000076033090620151134012797174064
0000076043090620151148013224160542
0000076053090620151149012724723297
0000076063090620151150020197737468
0000076073090620151150207677906390
0000076083090620151150020032694347
0000076093090620151150013148546295
0000076103090620151150013180531540
0000076113090620151150016019756859
0000076123090620151200013124309293
0000076133090620151200020604029785
0000076143090620151202019023694484
0000076153090620151202012932244290
0000076163090620151202021282282400
0000076173090620151203016612471957
0000076183090620151210012869848295
0000076193090620151210013231101564
0000076203090620151247013199132609
0000076213090620151247013297544294
0000076223090620151247012724723297
0000076233090620151248013224160542
0000076243090620151248013148546295
0000076253090620151248016019756859
0000076263090620151250020032694347
0000076273090620151250020197737468
0000076283090620151254012932244290
0000076293090620151255013038378290
0000076303090620151258013111400297
0000076313090620151258016612471957
0000076323090620151259207677906390
0000076333090620151259021282282400
0000076343090620151300013248588291
0000076353090620151300013111400297
0000076363090620151300013117281621
0000076373090620151300020451720584
0000076383090620151300013180531540
0000076393090620151302012648328299
0000076403090620151303020342159091
0000076413090620151303020604029785
0000076423090620151303209097097993
0000076433090620151303019023694484
0000076443090620151303013124309293
0000076453090620151308012797174064
0000076463090620151309013216985295
0000076473090620151310013231101564
0000076483090620151312012869848295
0000076493090620151331013038378290
0000076503090620151332013258880297
0000076513090620151346013258880297
0000076523090620151352013111400297
0000076533090620151355012797174064
0000076543090620151359012648328299
0000076553090620151400020342159091
0000076563090620151400013111400297
0000076573090620151400020451720584
0000076583090620151400013117281621
0000076593090620151401013248588291
0000076603090620151401020604029785
0000076613090620151401209097097993
0000076623090620151404013216985295
0000076633090620151515013224160542
0000076643090620151515012724723297
0000076653090620151515020032694347
0000076663090620151515207677906390
0000076673090620151515020197737468
0000076683090620151515013180531540
0000076693090620151528013148546295
0000076703090620151546016019756859
0000076713090620151658013111400297
0000076723090620151702013297544294
0000076733090620151702013258880297
0000076743090620151715012932244290
0000076753090620151715016612471957
0000076763090620151721013124309293
0000076773090620151737012869848295
0000076783090620151737021282282400
0000076793090620151737013231101564
0000076803090620151837013199132609
0000076813090620152036013038378290
0000076823090620152045013111400297
0000076833090620152045020451720584
0000076843090620152045019023694484
0000076853090620152045012648328299
0000076863090620152045013248588291
0000076873090620152045020604029785
0000076883090620152045013216985295
0000076893090620152045013117281621
0000076903090620152045012797174064
0000076913090620152045020342159091
0000076923090620152046209097097993
0000076933100620150601013111400297
0000076943100620150601012724723297
0000076953100620150601013224160542
0000076963100620150601020032694347
0000076973100620150605207677906390
0000076983100620150605013148546295
0000076993100620150606013180531540
0000077003100620150606016019756859
0000077013100620150622020197737468
0000077023100620150737012932244290
0000077033100620150753020197737468
0000077043100620150755013124309293
0000077053100620150800013038378290
0000077063100620150807016612471957
0000077073100620150807021282282400
0000077083100620150811013231101564
0000077093100620150813012869848295
0000077103100620150825013199132609
0000077113100620151007013297544294
0000077123100620151107012648328299
0000077133100620151119012797174064
0000077143100620151125013248588291
0000077153100620151128019023694484
0000077163100620151130013111400297
0000077173100620151130020604029785
0000077183100620151130020342159091
0000077193100620151130013216985295
0000077203100620151131020451720584
0000077213100620151133013117281621
0000077223100620151144013148546295
0000077233100620151144013224160542
0000077243100620151144012724723297
0000077253100620151150207677906390
0000077263100620151150013180531540
0000077273100620151150016019756859
0000077283100620151150020032694347
0000077293100620151155016612471957
0000077303100620151155021282282400
0000077313100620151156012932244290
0000077323100620151156012869848295
0000077333100620151157013231101564
0000077343100620151200013124309293
0000077353100620151210013258880297
0000077363100620151214013038378290
0000077373100620151214013297544294
0000077383100620151238013111400297
0000077393100620151243012724723297
0000077403100620151244013148546295
0000077413100620151244013224160542
0000077423100620151246013038378290
0000077433100620151248207677906390
0000077443100620151249016019756859
0000077453100620151250020032694347
0000077463100620151257013231101564
0000077473100620151258012869848295
0000077483100620151259016612471957
0000077493100620151300013216985295
0000077503100620151300013248588291
0000077513100620151300012797174064
0000077523100620151300012648328299
0000077533100620151300020604029785
0000077543100620151300013111400297
0000077553100620151300019023694484
0000077563100620151300020451720584
0000077573100620151301020342159091
0000077583100620151301013117281621
0000077593100620151301012932244290
0000077603100620151301013124309293
0000077613100620151307013297544294
0000077623100620151333013111400297
0000077633100620151359013216985295
0000077643100620151400013111400297
0000077653100620151400020604029785
0000077663100620151400019023694484
0000077673100620151400013117281621
0000077683100620151400020451720584
0000077693100620151401020342159091
0000077703100620151402013248588291
0000077713100620151404012797174064
0000077723100620151408012648328299
0000077733100620151429209097097993
0000077743100620151524013148546295
0000077753100620151524020032694347
0000077763100620151531013111400297
0000077773100620151541016019756859
0000077783100620151655207677906390
0000077793100620151713012724723297
0000077803100620151713013224160542
0000077813100620151715016612471957
0000077823100620151715013124309293
0000077833100620151715012932244290
0000077843100620151733013199132609
0000077853100620151733013258880297
0000077863100620151733013297544294
0000077873100620151733013038378290
0000077883100620151734021282282400
0000077893100620151735013231101564
0000077903100620151737012869848295
0000077913100620152044020451720584
0000077923100620152045013111400297
0000077933100620152045013117281621
0000077943100620152045013248588291
0000077953100620152045013216985295
0000077963100620152045020604029785
0000077973100620152045012648328299
0000077983100620152045020342159091
0000077993100620152045012797174064
0000078003100620152045019023694484
0000078013100620152049209097097993
0000078023110620150613013180531540
0000078033110620150613207677906390
0000078043110620150613016604577105
0000078053110620150613013148546295
0000078063110620150613012724723297
0000078073110620150614016019756859
0000078083110620150614013111400297
0000078093110620150615013224160542
0000078103110620150656020032694347
0000078113110620150715013258880297
0000078123110620150715013038378290
0000078133110620150740012932244290
0000078143110620150756021282282400
0000078153110620150801012869848295
0000078163110620150806016612471957
0000078173110620150815013231101564
0000078183110620150838013124309293
0000078193110620150851209097097993
0000078203110620150912013199132609
0000078213110620150912020604029785
0000078223110620150946013111400297
0000078233110620150946012648328299
0000078243110620150957013297544294
0000078253110620151040012797174064
0000078263110620151051019023694484
0000078273110620151123013216985295
0000078283110620151128020342159091
0000078293110620151129020451720584
0000078303110620151133013248588291
0000078313110620151133013117281621
0000078323110620151147013148546295
0000078333110620151147012724723297
0000078343110620151148013224160542
0000078353110620151149013258880297
0000078363110620151149013297544294
0000078373110620151149013038378290
0000078383110620151149013199132609
0000078393110620151150020032694347
0000078403110620151150016604577105
0000078413110620151150013180531540
0000078423110620151150207677906390
0000078433110620151156016612471957
0000078443110620151156013124309293
0000078453110620151156012932244290
0000078463110620151158012869848295
0000078473110620151158013231101564
0000078483110620151201016019756859
0000078493110620151201021282282400
0000078503110620151226013038378290
0000078513110620151228013258880297
0000078523110620151244013297544294
0000078533110620151245013199132609
0000078543110620151247013148546295
0000078553110620151247012724723297
0000078563110620151248013224160542
0000078573110620151250020032694347
0000078583110620151251016612471957
0000078593110620151252013124309293
0000078603110620151253207677906390
0000078613110620151256016019756859
0000078623110620151256016604577105
0000078633110620151256021282282400
0000078643110620151258012869848295
0000078653110620151258012932244290
0000078663110620151258013231101564
0000078673110620151259013180531540
0000078683110620151300013111400297
0000078693110620151300019023694484
0000078703110620151300012648328299
0000078713110620151300020451720584
0000078723110620151300013117281621
0000078733110620151300013248588291
0000078743110620151300020604029785
0000078753110620151300013216985295
0000078763110620151300020342159091
0000078773110620151300012797174064
0000078783110620151300209097097993
0000078793110620151327013111400297
0000078803110620151358012648328299
0000078813110620151359013216985295
0000078823110620151359013111400297
0000078833110620151400013117281621
0000078843110620151400019023694484
0000078853110620151400020604029785
0000078863110620151400013248588291
0000078873110620151400209097097993
0000078883110620151400020451720584
0000078893110620151402020342159091
0000078903110620151404012797174064
0000078913110620151515207677906390
0000078923110620151515016604577105
0000078933110620151519020032694347
0000078943110620151519013148546295
0000078953110620151532013111400297
0000078963110620151600016019756859
0000078973110620151642013180531540
0000078983110620151711013224160542
0000078993110620151715012724723297
0000079003110620151715012932244290
0000079013110620151715016612471957
0000079023110620151715013124309293
0000079033110620151731021282282400
0000079043110620151738013231101564
0000079053110620151756013297544294
0000079063110620151756013038378290
0000079073110620151756013199132609
0000079083110620151756013258880297
0000079093110620151801012869848295
0000079103110620152044020451720584
0000079113110620152045020604029785
0000079123110620152045013248588291
0000079133110620152045012797174064
0000079143110620152045013111400297
0000079153110620152045013216985295
0000079163110620152045012648328299
0000079173110620152045020342159091
0000079183110620152045013117281621
0000079193110620152046019023694484
0000079203110620152046209097097993
0000079213120620150602012724723297
0000079223120620150602013148546295
0000079233120620150602013224160542
0000079243120620150603016019756859
0000079253120620150604207677906390
0000079263120620150614013111400297
0000079273120620150621013180531540
0000079283120620150625020197737468
0000079293120620150651020032694347
0000079303120620150721016612471957
0000079313120620150738013258880297
0000079323120620150738013038378290
0000079333120620150738019023694484
0000079343120620150756012932244290
0000079353120620150758013231101564
0000079363120620150800021282282400
0000079373120620150815012869848295
0000079383120620150817013124309293
0000079393120620150904013199132609
0000079403120620150921013111400297
0000079413120620150933020604029785
0000079423120620150952013297544294
0000079433120620151111012648328299
0000079443120620151123013117281621
0000079453120620151123012797174064
0000079463120620151124020342159091
0000079473120620151132013248588291
0000079483120620151132020451720584
0000079493120620151148013216985295
0000079503120620151151013148546295
0000079513120620151151020032694347
0000079523120620151151012724723297
0000079533120620151151016019756859
0000079543120620151151020197737468
0000079553120620151152013224160542
0000079563120620151154013297544294
0000079573120620151154013258880297
0000079583120620151154013199132609
0000079593120620151156021282282400
0000079603120620151200013180531540
0000079613120620151200207677906390
0000079623120620151204012932244290
0000079633120620151205013124309293
0000079643120620151206012869848295
0000079653120620151206016612471957
0000079663120620151206013231101564
0000079673120620151206019023694484
0000079683120620151235016612471957
0000079693120620151243013199132609
0000079703120620151249012724723297
0000079713120620151250020032694347
0000079723120620151253020197737468
0000079733120620151253013224160542
0000079743120620151253016019756859
0000079753120620151254013148546295
0000079763120620151254021282282400
0000079773120620151255013258880297
0000079783120620151300020451720584
0000079793120620151300013111400297
0000079803120620151300209097097993
0000079813120620151300013248588291
0000079823120620151300013117281621
0000079833120620151300020342159091
0000079843120620151300013297544294
0000079853120620151300012648328299
0000079863120620151301013180531540
0000079873120620151302013124309293
0000079883120620151302020604029785
0000079893120620151302012797174064
0000079903120620151302013216985295
0000079913120620151306019023694484
0000079923120620151306012869848295
0000079933120620151306013231101564
0000079943120620151337013111400297
0000079953120620151400013111400297
0000079963120620151400013248588291
0000079973120620151400020342159091
0000079983120620151400020451720584
0000079993120620151400013117281621
0000080003120620151401020604029785
0000080013120620151401012648328299
0000080023120620151402209097097993
0000080033120620151404012797174064
0000080043120620151404013216985295
0000080053120620151431013111400297
0000080063120620151514013180531540
0000080073120620151515016019756859
0000080083120620151516016612471957
0000080093120620151517020197737468
0000080103120620151518020032694347
0000080113120620151518012724723297
0000080123120620151518013148546295
0000080133120620151518013224160542
0000080143120620151532013258880297
0000080153120620151533013038378290
0000080163120620151610013111400297
0000080173120620151630019023694484
0000080183120620151646020604029785
0000080193120620151711013231101564
0000080203120620151724012869848295
0000080213120620151753021282282400
0000080223120620151826013297544294
0000080233120620151826013199132609
0000080243120620152023013248588291
0000080253120620152023013111400297
0000080263120620152023013216985295
0000080273120620152024012648328299
0000080283120620152024020342159091
0000080293120620152026020451720584
0000080303120620152026013117281621
0000080313120620152030012797174064
0000080323120620152037209097097993
0000080333130620150559016612471957
0000080343130620150559013224160542
0000080353130620150559020197737468
0000080363130620150600020032694347
0000080373130620150600013148546295
0000080383130620150601013111400297
0000080393130620150604021282282400
0000080403130620150604020604029785
0000080413130620150604012869848295
0000080423130620150620207677906390
0000080433130620150620013231101564
0000080443130620150629016019756859
0000080453130620150713013111400297
0000080463130620150713013124309293
0000080473130620150734013248588291
0000080483130620150736012932244290
0000080493130620150745013216985295
0000080503130620150752020342159091
0000080513130620150752012648328299
0000080523130620150752020451720584
0000080533130620150752019023694484
0000080543130620150758012797174064
0000080553130620150812209097097993
0000080563130620150821013117281621
0000080573130620151052021282282400
0000080583130620151052013224160542
0000080593130620151052019023694484
0000080603130620151052016612471957
0000080613130620151052020197737468
0000080623130620151052020032694347
0000080633130620151052016019756859
0000080643130620151052012648328299
0000080653130620151052013148546295
0000080663130620151053012932244290
0000080673130620151053013111400297
0000080683130620151053013248588291
0000080693130620151053013117281621
0000080703130620151053013231101564
0000080713130620151054209097097993
0000080723130620151054013216985295
0000080733130620151054207677906390
0000080743130620151054012797174064
0000080753130620151055020342159091
0000080763130620151055020451720584
0000080773130620151055020604029785
0000080783130620151055012869848295
0000080793130620151055013124309293
0000080803130620151145021282282400
0000080813130620151148013148546295
0000080823130620151149013224160542
0000080833130620151152013117281621
0000080843130620151152013111400297
0000080853130620151153013231101564
0000080863130620151153012932244290
0000080873130620151153209097097993
0000080883130620151154019023694484
0000080893130620151154020032694347
0000080903130620151154020197737468
0000080913130620151155012797174064
0000080923130620151155020342159091
0000080933130620151155013216985295
0000080943130620151155013248588291
0000080953130620151155020451720584
0000080963130620151155012648328299
0000080973130620151155012869848295
0000080983130620151155207677906390
0000080993130620151156020604029785
0000081003130620151156016019756859
0000081013130620151202013124309293
0000081023130620151203013111400297
0000081033130620151300016019756859
0000081043130620151301013224160542
0000081053130620151301020197737468
0000081063130620151301020032694347
0000081073130620151301013148546295
0000081083130620151302013231101564
0000081093130620151303207677906390
0000081103130620151303021282282400
0000081113130620151312012869848295
0000081123130620151312020604029785
0000081133130620151314012932244290
0000081143130620151314013124309293
0000081153130620151444013248588291
0000081163130620151448013111400297
0000081173130620151452013216985295
0000081183130620151453020451720584
0000081193130620151453019023694484
0000081203130620151453013117281621
0000081213130620151457012648328299
0000081223130620151457012797174064
0000081233130620151457020342159091
0000081243130620151458209097097993
0000081253150620150559012724723297
0000081263150620150559013180531540
0000081273150620150600013224160542
0000081283150620150600016604577105
0000081293150620150603013148546295
0000081303150620150605207677906390
0000081313150620150613013111400297
0000081323150620150614020032694347
0000081333150620150627016019756859
0000081343150620150627020197737468
0000081353150620150739012932244290
0000081363150620150742013258880297
0000081373150620150742013038378290
0000081383150620150801016612471957
0000081393150620150808021282282400
0000081403150620150810013231101564
0000081413150620150816013199132609
0000081423150620150817012869848295
0000081433150620150826013124309293
0000081443150620150931013111400297
0000081453150620151006013297544294
0000081463150620151051012648328299
0000081473150620151115012797174064
0000081483150620151118013117281621
0000081493150620151120019023694484
0000081503150620151121020451720584
0000081513150620151126020604029785
0000081523150620151126013216985295
0000081533150620151127020342159091
0000081543150620151132013248588291
0000081553150620151135209097097993
0000081563150620151151020032694347
0000081573150620151151016604577105
0000081583150620151151020197737468
0000081593150620151152207677906390
0000081603150620151152013180531540
0000081613150620151157012932244290
0000081623150620151157021282282400
0000081633150620151157016612471957
0000081643150620151157013231101564
0000081653150620151157013124309293
0000081663150620151157013111400297
0000081673150620151158012869848295
0000081683150620151213013038378290
0000081693150620151213013199132609
0000081703150620151213013258880297
0000081713150620151220013148546295
0000081723150620151220012724723297
0000081733150620151222013224160542
0000081743150620151223016019756859
0000081753150620151228016612471957
0000081763150620151228012932244290
0000081773150620151238013124309293
0000081783150620151252013111400297
0000081793150620151252013038378290
0000081803150620151256020032694347
0000081813150620151256021282282400
0000081823150620151256207677906390
0000081833150620151256013180531540
0000081843150620151256016604577105
0000081853150620151256020197737468
0000081863150620151257013231101564
0000081873150620151300013111400297
0000081883150620151300013117281621
0000081893150620151300019023694484
0000081903150620151300020451720584
0000081913150620151300013124309293
0000081923150620151301013248588291
0000081933150620151303012797174064
0000081943150620151303020342159091
0000081953150620151303012648328299
0000081963150620151303013216985295
0000081973150620151304020604029785
0000081983150620151304209097097993
0000081993150620151308013199132609
0000082003150620151314012724723297
0000082013150620151323013148546295
0000082023150620151323013258880297
0000082033150620151323016019756859
0000082043150620151328013224160542
0000082053150620151359013216985295
0000082063150620151400020451720584
0000082073150620151400019023694484
0000082083150620151400013111400297
0000082093150620151400013117281621
0000082103150620151400013248588291
0000082113150620151400209097097993
0000082123150620151401020604029785
0000082133150620151402020342159091
0000082143150620151403012797174064
0000082153150620151405012648328299
0000082163150620151508013180531540
0000082173150620151508207677906390
0000082183150620151512016604577105
0000082193150620151513020032694347
0000082203150620151513020197737468
0000082213150620151623012724723297
0000082223150620151623013148546295
0000082233150620151624016019756859
0000082243150620151624013111400297
0000082253150620151624013224160542
0000082263150620151711020451720584
0000082273150620151716016612471957
0000082283150620151725021282282400
0000082293150620151727013258880297
0000082303150620151747013231101564
0000082313150620151816013297544294
0000082323150620151816012932244290
0000082333150620151816013199132609
0000082343150620152044012648328299
0000082353150620152045019023694484
0000082363150620152045013216985295
0000082373150620152045013111400297
0000082383150620152045020604029785
0000082393150620152045013248588291
0000082403150620152045013117281621
0000082413150620152045012797174064
0000082423150620152045020342159091
0000082433150620152118209097097993
0000082443160620150557012724723297
